group_id,username
